0 0.67 0.4866666666666667 0.345 0.20666666666666667
0 0.4075 0.4866666666666667 0.2325 0.13333333333333333
0 0.3425 0.68 0.37 0.20333333333333334
0 0.49375 0.9 0.345 0.16333333333333333
0 0.67125 0.7483333333333333 0.2075 0.13666666666666666
0 0.8725 0.7333333333333333 0.1475 0.15333333333333332
0 0.47875 0.095 0.3825 0.19
0 0.22375 0.43666666666666665 0.335 0.21666666666666667
0 0.0975 0.885 0.195 0.19666666666666666
0 0.28875 0.9433333333333334 0.1525 0.1
0 0.8825 0.9216666666666666 0.21 0.15666666666666668
0 0.83375 0.2833333333333333 0.3325 0.25333333333333335
0 0.12375 0.205 0.24 0.27666666666666667